1979  
1935              
1980  
1991   
1956   
1959  
1919    
1950  
1917  
1899  
1904  
1936   
1979  
1935              
1980  
1979  
1935              
1980  
1979  
1935              
1980  
1979  
1935              
1980  
1979  
1935              
1980  
1898  
1910  
1912     
1946    
1954  
1959  
1967  
1945  
1994  
1914   
1915  
1955    
1927   
1933 
1918   
1946          
1948          
1979  
1935              
1980  
1979  
1935              
1980  
1979  
1935              
1980  
1898  
1910  
1912     
1946    
1954  
1959  
1967  
1945  
1994  
1950  
1917  
1899  
1935              
1980  
1991   
1956   
1959  
1919    
1950  
1917  
1899  
1904  
1936   
1979  
1935              
1980  
1904  
1936   
1939   
1990   
1991   
1956   
1959  
1919    
1950  
1917  
1899  
1904  
1936   
1939   
1990   
1991   
1956   
1959  
1919